# Árvore Geradora Mínima (MST) - Formato: vértice: [(vizinho, peso), ...]
# Cada linha representa um vértice e suas conexões

(100.0, 180.0): [((150.0, 580.0), 403.11)]
(120.0, 220.0): [((150.0, 580.0), 361.25)]
(120.0, 650.0): [((200.0, 280.0), 378.55)]
(150.0, 150.0): []
(150.0, 580.0): [((200.0, 600.0), 53.85), ((350.0, 550.0), 202.24), ((120.0, 220.0), 361.25), ((100.0, 180.0), 403.11)]
(180.0, 720.0): []
(200.0, 280.0): [((280.0, 250.0), 85.44), ((120.0, 650.0), 378.55)]
(200.0, 600.0): [((150.0, 580.0), 53.85)]
(280.0, 250.0): [((200.0, 280.0), 85.44), ((300.0, 120.0), 131.53)]
(300.0, 120.0): [((280.0, 250.0), 131.53), ((580.0, 220.0), 297.32), ((650.0, 200.0), 359.03)]
(320.0, 750.0): [((400.0, 650.0), 128.06)]
(350.0, 550.0): [((400.0, 650.0), 111.80), ((150.0, 580.0), 202.24)]
(400.0, 650.0): [((500.0, 650.0), 100.00), ((350.0, 550.0), 111.80), ((320.0, 750.0), 128.06), ((520.0, 580.0), 138.92), ((550.0, 720.0), 165.53)]
(500.0, 650.0): [((400.0, 650.0), 100.00)]
(520.0, 580.0): [((600.0, 600.0), 82.46), ((400.0, 650.0), 138.92), ((750.0, 550.0), 231.95)]
(550.0, 720.0): [((400.0, 650.0), 165.53)]
(580.0, 220.0): [((800.0, 150.0), 230.87), ((300.0, 120.0), 297.32)]
(600.0, 280.0): [((750.0, 550.0), 308.87)]
(600.0, 600.0): [((520.0, 580.0), 82.46)]
(650.0, 200.0): [((300.0, 120.0), 359.03)]
(700.0, 750.0): [((800.0, 700.0), 111.80)]
(750.0, 300.0): [((800.0, 150.0), 158.11), ((750.0, 550.0), 250.00)]
(750.0, 550.0): [((850.0, 600.0), 111.80), ((520.0, 580.0), 231.95), ((750.0, 300.0), 250.00), ((600.0, 280.0), 308.87)]
(800.0, 150.0): [((750.0, 300.0), 158.11), ((580.0, 220.0), 230.87)]
(800.0, 700.0): [((700.0, 750.0), 111.80), ((850.0, 600.0), 111.80)]
(850.0, 600.0): [((750.0, 550.0), 111.80), ((800.0, 700.0), 111.80)]
